7.061185e+01
7.398864e+01
7.131437e+01
7.173353e+01
6.782266e+01
6.821179e+01
6.904228e+01
6.906839e+01
7.516517e+01
6.929691e+01
8.304044e+01
6.812169e+01
6.819351e+01
6.980617e+01
7.090043e+01
6.718543e+01
6.717498e+01
8.447682e+01
7.222320e+01
8.506834e+01
6.349002e+01
7.301713e+01
6.600368e+01
7.057659e+01
6.946666e+01
6.520323e+01
7.638478e+01
7.468333e+01
7.157552e+01
7.103754e+01
7.882140e+01
7.319210e+01
7.487920e+01
5.981942e+01
7.004382e+01
6.681197e+01
6.285018e+01
7.336839e+01
7.581154e+01
7.128825e+01
7.750385e+01
6.759023e+01
6.730687e+01
6.939876e+01
6.865054e+01
2.646770e+02
6.739305e+01
6.766466e+01
6.987668e+01
7.880834e+01
6.739697e+01
7.317121e+01
6.709011e+01
7.548639e+01
7.257838e+01
7.092785e+01
2.720679e+02
6.821179e+01
7.373270e+01
8.003710e+01
6.393791e+01
6.913107e+01
6.690077e+01
6.899527e+01
8.160406e+01
6.946013e+01
6.989104e+01
6.765943e+01
7.013915e+01
1.264021e+02
6.794410e+01
6.677802e+01
7.058834e+01
7.010128e+01
6.280447e+01
7.877701e+01
7.376927e+01
7.169827e+01
6.920289e+01
1.265588e+02
6.371462e+01
6.621522e+01
6.106646e+01
6.596059e+01
6.718543e+01
6.053500e+01
7.362824e+01
7.069803e+01
6.950061e+01
9.971288e+01
7.368439e+01
7.214094e+01
7.197118e+01
7.141883e+01
7.512338e+01
6.122838e+01
7.186411e+01
7.448223e+01
6.623742e+01
7.610012e+01
6.284626e+01
7.148412e+01
7.062882e+01
7.257446e+01
6.731993e+01
5.981942e+01
7.317121e+01
6.626092e+01
7.080510e+01
7.322605e+01
8.114703e+01
7.556474e+01
7.174528e+01
7.004121e+01
6.082488e+01
6.366500e+01
6.372115e+01
6.283451e+01
2.074165e+02
6.640717e+01
7.470552e+01
6.562500e+01
6.283451e+01
8.538435e+01
6.877850e+01
6.875892e+01
6.853954e+01
6.717498e+01
7.222320e+01
6.652470e+01
6.893912e+01
6.983881e+01
7.299232e+01
7.185366e+01
7.119945e+01
6.285018e+01
7.197379e+01
7.437646e+01
7.323911e+01
9.452886e+01
7.292703e+01
7.879267e+01
6.122838e+01
7.284868e+01
6.606114e+01
7.137966e+01
7.145670e+01
6.848078e+01
7.633124e+01
6.619563e+01
6.963772e+01
7.440127e+01
6.663961e+01
6.511574e+01
6.865706e+01
6.918069e+01
7.943643e+01
7.743987e+01
6.998245e+01
7.251309e+01
7.403826e+01
8.851174e+01
6.848731e+01
7.582590e+01
7.151676e+01
7.302104e+01
6.670490e+01
6.051672e+01
7.288394e+01
7.174528e+01
7.278469e+01
7.097355e+01
7.235509e+01
7.207173e+01
7.292703e+01
6.464696e+01
7.113678e+01
7.729231e+01
6.630271e+01
7.604266e+01
6.766466e+01
7.207173e+01
6.912062e+01
6.897699e+01
7.491837e+01
9.617547e+01
7.177792e+01
7.141883e+01
7.777807e+01
7.407091e+01
5.963269e+01
6.188127e+01
6.758370e+01
6.750143e+01
6.717498e+01
6.871060e+01
6.897046e+01
6.987668e+01
7.050999e+01
6.880723e+01
7.167999e+01
6.449810e+01
6.474620e+01
7.494449e+01
7.635214e+01
7.815283e+01
6.221295e+01
7.164081e+01
9.944519e+01
6.293114e+01
6.867665e+01
7.043426e+01
8.172158e+01
7.293356e+01
7.198685e+01
7.315293e+01
6.115003e+01
7.996136e+01
8.928477e+01
7.174528e+01
7.546681e+01
8.786536e+01
6.901094e+01
7.471728e+01
7.394686e+01
8.039097e+01
6.983881e+01
1.047167e+02
7.548247e+01
7.110805e+01
6.684853e+01
6.639542e+01
6.955415e+01
7.635605e+01
6.570857e+01
6.929691e+01
8.419085e+01
7.820376e+01
7.052566e+01
6.943010e+01
7.342584e+01
5.981942e+01
7.339450e+01
6.684853e+01
6.284626e+01
7.194115e+01
7.393249e+01
9.014268e+01
1.317467e+02
6.851996e+01
7.865948e+01
7.844533e+01
8.276622e+01
6.946405e+01
7.343759e+01
6.349002e+01
6.283451e+01
6.861658e+01
9.119123e+01
