65,8450
80,9600
68,11250
60,9550
84,14260
85,14115
75,10084
51,6120
50,7420
70,11200
85,11924
91,10652
51,6120
72,10791
66,13695
70,7560
101,14215
57,7449
75,9742
44,4224
110,14230
60,7200
98,11478
47,16321
60,6324
50,8500
85,11049
70,10552
60,7313
108,13418
112,10859
74,8532
68,7922
65,6040
84,8658
115,16905
70,7945
61,7658
48,12822
84,11096
33,4456
66,7742
52,6240
110,8472
68,50271
60,7134
100,10175
24,2645
89,11645
66,13682
60,7200
63,13072
60,7200
44,6442
50,10300
76,9591
72,10665
47,4608
81,15593
95,13651
69,7599
74,10141
85,10200
60,5790
21,1596
50,8635
72,10778
60,10440
100,13000
32,4500
78,10206
80,8892
121,16059
122,11911
40,3951
105,8470
60,8070
60,7200
85,8500
80,13360
60,7200
69,9337
78,10264
73,10921
85,10625
77,9320
77,9206
64,7018
94,10402
75,9375
60,10800
50,6000
85,8500
105,11751
75,9525
77,9965
61,7259
34,3230
74,8536
90,12376
65,8461
50,6060
75,9464
55,7892
48,17043
60,6780
55,4388
69,7590
69,8973
88,14200
75,7388
78,10335
80,10400
82,11070
73,9066
65,15426
70,10500
78,11645
71,8520
78,10335
70,9100
24,2522
51,6120
63,7500
120,10356
107,13891
84,11340
60,9600
60,7200
92,12003
100,12552
134,19378
110,13688
95,12182
55,5500
40,5400
62,10106
86,10562
62,8244
141,31770
44,5306
80,10197
47,12416
84,12615
97,10029
63,17423
60,8520
54,7588
60,9060
63,11426
92,7438
90,22950
60,10410
64,7018
41,4923
70,10570
68,9017
24,2522
60,7180
24,2280
79,9416
174,25419
92,5520
76,9591
80,8546
75,10125
50,7000
50,3500
99,11851
40,13673
75,8250
67,5604
83,10420
72,8640
43,13568
72,10011
65,8450
57,9906
43,3010
73,8990
85,11475
70,10500
103,13472
21,1680
82,9950
21,1869
70,8521
43,3182
73,8760
174,15138
21,1680
75,10650
21,1680
65,8773
93,12030
52,8741
75,9000
40,3880
63,5000
75,10762
80,10400
69,9142
75,11310
72,11317
55,5350
44,4750
65,8366
85,9350
70,8400
66,8738
64,8791
68,8814
80,12435
70,12702
120,19296
69,9588
88,8471
50,5500
30,5232
78,12090
70,11207
60,8400
71,6900
84,10728
73,39104
92,11764
80,9600
76,8314
55,7264
129,9196
140,19138
107,14450
83,10005
82,11287
60,7200
34,5063
74,9612
50,8012
35,4251
77,9786
60,8730
120,15611
55,5687
60,11409
80,9600
37,7937
75,13710
66,7399
90,11700
80,14000
90,15750
66,16226
118,13704
70,9800
87,18386
80,10386
116,13474
90,12378
50,8000
65,7800
150,215245
60,9600
71,7795
94,13005
75,9000
90,9900
111,16259
99,12099
86,10380
49,5820
96,11275
50,5000
32,10846
80,11600
60,6402
70,8176
85,10655
59,8198
59,9042
86,14157
70,9135
91,14145
66,12400
85,14191
60,8400
63,8849
36,2592
65,6435
36,2448
56,20431
68,7820
60,9084
60,8520
60,8400
105,11249
44,4224
92,6930
78,12011
64,7301
21,1680
59,10690
101,9150
78,7800
80,17120
50,7175
79,10634
65,8200
57,8846
102,11143
88,11394
60,8123
50,5000
60,7200
79,9245
60,9000
43,3182
58,8410
72,7200
93,9382
96,12474
50,8405
71,12209
60,10134
68,9571
60,7200
69,7590
60,8967
65,8125
38,14963
65,8767
60,10200
93,12090
51,10480
63,15576
109,14154
85,10800
68,9571
100,34650
56,8960
59,11228
73,8899
74,7844
86,22420
60,8160
65,8450
78,7060
100,21750
80,9200
72,9000
60,3378
77,8593
64,6762
130,11457
21,1680
60,5586
24,1920
100,10839
21,1890
43,10667
40,4400
50,6000
40,4280
67,12354
105,15431
92,12108
52,6240
53,3922
70,8750
73,9855
137,16492
50,8600
50,6000
70,5684
62,70761
75,9000
63,9297
80,9600
34,4571
75,8004
60,7200
60,8281
74,11988
60,8430
85,10628
79,9480
98,11428
76,9291
92,11952
35,3675
110,14977
41,5330
80,8480
75,13125
105,13693
79,10637
50,5925
98,16033
72,11846
50,2500
32,4500
80,9600
79,10289
70,12243
60,10800
21,1526
79,9490
105,15578
70,7931
50,5784
60,7879
60,9120
65,7800
70,7535
21,1890
75,9803
70,9170
100,15602
24,2308
60,7596
80,9554
75,7862
60,9600
80,9600
75,14559
40,6792
70,9100
71,9187
55,10594
94,12220
79,10208
53,10918
60,10800
90,11988
50,5000
130,40094
95,11787
62,7500
70,13300
67,14948
58,9098
85,10200
60,6155
60,7200
50,5000
74,9056
70,7000
57,8924
85,14601
78,10140
34,4058
58,17104
70,8737
54,7244
49,8235
75,9375
53,4043
50,6000
87,11146
67,8777
85,10625
58,6380
69,14850
60,11040
57,21872
77,10010
63,13907
66,21780
66,6858
77,11198
70,10171
79,12327
74,13101
60,7332
83,13159
76,9967
70,10500
80,8480
52,6292
96,11777
34,3604
81,12150
98,12704
81,11841
75,13500
51,6120
88,11443
55,10267
74,8740
65,25095
50,9100
64,8320
97,13478
60,6600
88,7990
69,11302
60,3600
53,3922
80,12984
24,1950
74,10927
50,9000
80,10041
30,3182
88,12803
85,13600
82,12464
78,7800
78,12168
61,7943
70,8402
21,1491
80,8800
59,7227
90,11694
85,12244
45,8248
90,10800
71,7064
80,10400
87,10000
80,9600
70,11606
82,9020
50,9000
34,4590
85,11900
80,9250
64,6979
60,10896
51,6120
50,6000
67,8777
53,3982
62,12677
75,13860
80,10793
85,9187
60,7200
85,10452
70,7700
21,1936
65,8125
60,9084
70,8750
60,10320
91,10437
21,1680
72,10007
60,7200
78,17503
75,9937
52,46589
120,13560
90,10012
49,20896
106,11194
65,8125
80,11600
64,8633
54,6629
110,14442
80,9200
24,2289
60,9600
52,9022
80,11844
50,8012
55,4500
90,11248
58,16770
84,10207
60,8089
61,7577
104,21535
42,26178
60,5400
51,6120
54,13811
50,6000
57,6420
65,8450
59,4282
85,14331
80,9600
82,12438
76,7630
70,8400
70,5600
48,6240
65,9018
56,4130
66,8712
40,4671
60,9873
78,10140
60,10800
80,10000
96,10542
69,9920
70,8120
60,8172
86,13286
60,6960
64,7314
85,11475
52,6240
39,5389
73,9590
75,11404
80,10000
60,10800
60,8544
72,10463
60,10800
65,9313
60,9600
65,6768
65,8450
70,12886
41,5395
65,11700
59,10593
50,8405
55,8800
79,9236
80,10240
61,7930
34,3230
68,10769
24,2280
65,12257
70,9100
60,6911
72,8640
82,9430
30,9549
75,14587
80,10421
75,12508
70,9100
47,53504
67,8877
94,7819
70,10150
110,14226
32,4500
86,11210
100,13350
60,8400
78,10530
63,7875
65,7153
67,16285
35,6300
60,10800
76,10142
50,6000
43,3182
92,9920
76,9158
70,8400
71,8197
57,7677
104,13518
60,7200
79,12798
40,4800
63,8199
107,13891
75,9000
91,12274
75,9750
144,21384
85,13400
90,8100
78,10140
66,8712
75,9750
45,8248
48,12137
80,8816
44,6371
72,7226
60,6000
60,9900
81,11216
114,14803
50,6130
65,8529
24,2544
80,11900
30,3180
44,9548
100,10004
75,7875
60,9600
90,8100
21,1680
75,9525
70,11767
60,10440
82,9020
80,8000
100,12665
75,9317
36,15523
75,45600
80,9600
36,4435
53,7128
102,17920
65,8125
80,10400
55,7642
75,11625
81,9672
70,7931
72,8640
67,10656
85,6970
80,9938
60,6600
70,8750
74,8892
60,12144
52,5720
75,9000
94,25286
74,8834
88,11782
60,7024
44,13758
60,6204
65,7150
50,5119
70,8393
59,16466
95,15865
128,12160
60,8064
70,11184
70,8414
64,7018
71,7056
50,8765
64,7018
100,12919
65,6993
64,8712
63,7875
50,14859
80,9920
116,13501
86,11500
149,12589
80,11600
51,6120
82,6270
30,3000
21,2001
50,9000
103,13125
87,11029
70,8462
67,8777
65,10237
50,8012
79,10240
93,11999
73,8925
70,9100
84,11670
63,8487
313,27650
52,5825
67,10083
75,9675
73,8760
55,12640
42,7711
100,25000
98,8820
70,8163
85,14536
65,14006
78,9360
60,7200
60,7800
60,7200
35,9400
82,7136
24,1300
70,7420
65,8450
24,2572
50,7207
24,2308
122,11923
80,11316
65,10237
130,9600
50,5925
75,10382
60,10800
36,2268
55,7892
95,11639
60,11414
51,5900
35,4274
68,9450
80,8816
98,12203
43,3182
75,10125
68,10880
59,5310
83,10159
65,8125
82,9452
121,17671
80,9760
68,8846
96,12456
51,4712
60,9786
64,6762
74,10206
60,5400
75,11957
43,3182
65,8385
21,2217
43,12118
60,6000
115,21286
75,9825
55,10592
60,7200
60,11664
70,8400
73,11883
43,3013
60,7024
64,7406
52,9439
43,3182
70,7700
73,9300
71,9520
79,9492
21,1680
102,15863
50,6305
89,12898
21,1533
21,1477
88,13125
34,5381
86,11839
80,9600
85,16056
57,9245
100,21750
60,11100
73,8993
103,11175
100,9500
68,8562
90,11367
104,11361
43,7052
96,11308
41,4920
120,18000
85,13600
50,6000
80,14000
59,7837
80,9760
42,3964
60,9600
72,10152
78,11700
50,7585
75,7950
74,8556
75,13125
60,10800
37,4435
65,8775
80,11040
75,7500
70,8749
80,8800
73,9069
85,10574
24,2522
37,3316
60,8544
24,2160
60,8400
71,9230
74,5868
78,9317
60,6882
50,6000
82,11880
60,8400
61,9758
70,7000
79,8910
24,2016
98,12256
114,10357
168,23257
107,11362
80,10480
73,7100
66,8923
90,5400
93,12085
57,9764
85,13825
70,7560
59,8263
84,10084
50,9405
60,10434
53,3684
182,14572
59,11796
60,7200
65,7804
63,10712
90,9900
80,9828
57,8773
60,6180
80,9600
54,6342
98,8731
60,7350
77,9965
60,12180
52,6240
75,12000
50,9000
57,8280
134,17755
90,14115
90,10768
85,9350
34,5001
92,11932
76,9120
24,2280
109,8724
60,12900
79,9541
64,10475
58,10852
120,13728
118,35760
76,9880
76,9120
35,4017
138,18030
80,16560
85,10678
37,6951
54,7681
77,8335
64,5587
160,15623
60,10800
50,35133
60,9738
107,10615
89,12461
68,8935
60,7500
24,2645
60,9600
80,9364
51,8029
58,14054
65,8850
70,9100
75,11235
71,9353
80,10400
50,6000
75,9750
78,10140
90,14684
70,9135
70,7763
85,10182
70,11218
152,12134
50,9340
69,10205
99,7094
68,8930
72,8640
52,6240
21,1680
66,7800
55,8250
78,10496
89,10680
60,15384
65,10482
86,14598
72,8872
65,8769
70,7910
70,7728
70,9842
55,8525
96,13132
36,2628
41,12393
63,13072
64,9037
65,8158
83,9849
85,10625
107,13891
78,12090
65,8125
60,9600
60,7200
93,11160
62,9858
60,6931
52,6240
91,14303
56,4060
59,9587
65,9750
80,9600
60,13515
34,4060
35,3735
60,10120
89,13214
78,11344
124,11512
53,5362
95,11345
75,9473
60,7500
67,9808
50,8049
61,8800
94,9400
50,9638
50,6000
40,5664
86,11065
21,1680
60,6600
78,10140
60,8172
70,8400
80,8700
35,3675
313,63887
75,7500
92,10120
73,8688
32,3363
108,13173
48,6955
60,8072
100,12000
100,17500
68,8814
108,14774
60,8190
85,11075
61,10226
47,4230
75,10215
70,8400
107,10186
50,5330
75,9986
40,3636
70,4270
60,6600
60,10440
63,9084
85,10000
55,10780
67,8877
60,7200
24,2368
80,9650
87,9246
153,4118
95,13450
120,9560
70,8294
66,13695
57,7558
85,11103
50,6000
93,15306
50,5250
91,11643
70,9247
50,6000
56,14720
102,10192
129,16737
51,9842
124,16158
73,8499
30,3180
68,9179
41,2665
48,10635
90,5400
80,9600
75,9750
85,10625
89,10991
52,6292
60,10998
21,1953
73,9735
45,8212
60,7200
60,9060
40,5436
80,16692
60,8520
42,14892
60,6000
70,9100
65,8944
68,7838
60,10800
53,4045
88,12665
51,6120
60,7200
51,6171
50,6000
62,7415
64,6762
49,15256
60,10410
44,3842
70,8445
60,7740
46,20544
79,12420
80,9600
60,7200
88,10994
64,13053
51,3635
60,11340
71,9204
90,11700
53,4043
37,4435
80,10721
81,10944
60,10930
60,7200
60,21930
60,10800
93,10261
80,17400
80,8400
60,9000
96,12444
90,7407
80,11584
79,11526
85,11003
63,8500
70,8400
80,10000
70,11767
21,1533
60,9000
78,9262
35,3675
90,17217
62,7500
62,7917
85,13175
66,9042
68,9717
75,9937
